22 serialization::archive 14 0 1 0
0 1 1 0
1 0 0 0 11 10 0 0 0 0 0 0 0 0 0 0 10 0 88 88 88 88 88 88 88 88 88 10 0 88 88 88 88 88 88 88 88 88 10 0 88 88 88 88 88 88 88 88 88 10 0 88 88 88 88 88 88 88 88 88 10 0 88 88 88 88 88 88 88 88 88 10 0 88 88 88 88 88 88 88 88 88 10 0 88 88 88 88 88 88 88 88 88 10 0 88 88 88 88 88 88 88 88 88 10 0 88 88 88 88 88 88 88 88 88 10 0 88 88 88 88 88 88 88 88 88 0 0 0 0 0 0 0 0 4 1 0
2 1 0 1
3 1 16 16 11 10 0 0 0 0 0 0 0 0 0 0 10 0 67 72 88 83 45 83 72 88 67 10 0 45 45 45 45 75 45 45 45 45 10 0 45 80 45 45 45 45 45 80 45 10 0 74 45 74 45 74 45 74 45 74 10 0 45 45 45 45 45 45 45 45 45 10 0 45 45 45 45 45 45 45 45 45 10 0 106 45 106 45 106 45 106 45 106 10 0 45 112 45 45 45 45 45 112 45 10 0 45 45 45 45 107 45 45 45 45 10 0 99 104 120 115 45 115 104 120 99 22 20 22 20 4
4 1 0 1
5 1 16 16 11 10 0 0 0 0 0 0 0 0 0 0 10 0 67 72 88 83 45 83 72 88 67 10 0 45 45 45 45 75 45 45 45 45 10 0 45 80 45 45 45 45 45 80 45 10 0 74 45 74 45 74 45 74 45 74 10 0 45 45 45 45 45 45 45 45 45 10 0 45 45 45 45 45 45 45 45 45 10 0 106 45 106 45 106 45 106 106 45 10 0 45 112 45 45 45 45 45 112 45 10 0 45 45 45 45 107 45 45 45 45 10 0 99 104 120 115 45 115 104 120 99 22 20 22 20 4
6 1 0 1
7 1 16 16 11 10 0 0 0 0 0 0 0 0 0 0 10 0 67 72 88 83 45 83 72 88 67 10 0 45 45 45 45 75 45 45 45 45 10 0 45 80 45 45 45 45 45 80 45 10 0 45 74 74 45 74 45 74 45 74 10 0 45 45 45 45 45 45 45 45 45 10 0 45 45 45 45 45 45 45 45 45 10 0 106 45 106 45 106 45 106 106 45 10 0 45 112 45 45 45 45 45 112 45 10 0 45 45 45 45 107 45 45 45 45 10 0 99 104 120 115 45 115 104 120 99 22 20 22 20 4
8 1 0 1
9 1 16 16 11 10 0 0 0 0 0 0 0 0 0 0 10 0 67 72 88 83 45 83 72 88 67 10 0 45 45 45 45 75 45 45 45 45 10 0 45 80 45 45 45 45 45 80 45 10 0 45 74 74 45 74 45 74 45 74 10 0 45 45 45 45 45 45 45 45 45 10 0 45 45 45 45 45 45 45 45 45 10 0 106 45 106 45 106 45 106 106 45 10 0 45 112 104 45 45 45 45 112 45 10 0 45 45 45 45 107 45 45 45 45 10 0 99 45 120 115 45 115 104 120 99 22 20 22 20 4
10 1 0 1
11 1 16 16 11 10 0 0 0 0 0 0 0 0 0 0 10 0 67 72 88 83 45 83 45 88 67 10 0 45 45 45 45 75 45 45 45 45 10 0 45 80 45 45 45 72 45 80 45 10 0 45 74 74 45 74 45 74 45 74 10 0 45 45 45 45 45 45 45 45 45 10 0 45 45 45 45 45 45 45 45 45 10 0 106 45 106 45 106 45 106 106 45 10 0 45 112 104 45 45 45 45 112 45 10 0 45 45 45 45 107 45 45 45 45 10 0 99 45 120 115 45 115 104 120 99 22 20 22 20 4
12 1 0 1
13 1 16 16 11 10 0 0 0 0 0 0 0 0 0 0 10 0 67 72 88 83 45 83 45 88 67 10 0 45 45 45 45 75 45 45 45 45 10 0 45 80 45 45 45 72 45 80 45 10 0 45 74 74 45 74 45 74 45 74 10 0 45 45 45 45 45 45 45 45 45 10 0 45 45 45 45 45 45 45 45 45 10 0 106 45 106 45 106 45 106 106 45 10 0 45 45 104 45 112 45 45 112 45 10 0 45 45 45 45 107 45 45 45 45 10 0 99 45 120 115 45 115 104 120 99 22 20 22 23 4
14 1 0 1
15 1 16 16 11 10 0 0 0 0 0 0 0 0 0 0 10 0 45 72 88 83 45 83 45 88 67 10 0 67 45 45 45 75 45 45 45 45 10 0 45 80 45 45 45 72 45 80 45 10 0 45 74 74 45 74 45 74 45 74 10 0 45 45 45 45 45 45 45 45 45 10 0 45 45 45 45 45 45 45 45 45 10 0 106 45 106 45 106 45 106 106 45 10 0 45 45 104 45 112 45 45 112 45 10 0 45 45 45 45 107 45 45 45 45 10 0 99 45 120 115 45 115 104 120 99 23 20 22 23 4
16 1 0 1
17 1 16 16 11 10 0 0 0 0 0 0 0 0 0 0 10 0 45 72 88 83 45 83 45 88 67 10 0 67 45 45 45 75 45 45 45 45 10 0 45 80 45 45 45 72 45 80 45 10 0 45 74 74 45 74 45 74 45 74 10 0 45 45 45 45 45 45 45 45 45 10 0 45 45 45 45 45 45 45 45 45 10 0 106 45 106 45 106 45 106 106 45 10 0 112 45 104 45 45 45 45 112 45 10 0 45 45 45 45 107 45 45 45 45 10 0 99 45 120 115 45 115 104 120 99 23 20 22 19 4
18 1 0 1
19 1 16 16 11 10 0 0 0 0 0 0 0 0 0 0 10 0 45 72 88 83 45 83 45 88 67 10 0 45 45 45 67 75 45 45 45 45 10 0 45 80 45 45 45 72 45 80 45 10 0 45 74 74 45 74 45 74 45 74 10 0 45 45 45 45 45 45 45 45 45 10 0 45 45 45 45 45 45 45 45 45 10 0 106 45 106 45 106 45 106 106 45 10 0 112 45 104 45 45 45 45 112 45 10 0 45 45 45 45 107 45 45 45 45 10 0 99 45 120 115 45 115 104 120 99 23 23 22 19 4
20 1 0 1
21 1 16 16 11 10 0 0 0 0 0 0 0 0 0 0 10 0 45 72 88 83 45 83 45 88 67 10 0 45 45 45 67 75 45 45 45 45 10 0 45 80 45 45 45 72 45 80 45 10 0 45 74 74 45 74 45 74 45 74 10 0 45 45 45 45 45 45 45 45 45 10 0 45 45 45 45 45 45 45 45 45 10 0 45 106 106 45 106 45 106 106 45 10 0 112 45 104 45 45 45 45 112 45 10 0 45 45 45 45 107 45 45 45 45 10 0 99 45 120 115 45 115 104 120 99 23 23 22 19 4
22 1 0 1
23 1 16 16 11 10 0 0 0 0 0 0 0 0 0 0 10 0 45 45 88 83 45 83 45 88 67 10 0 45 45 45 67 75 45 45 45 45 10 0 45 80 72 45 45 72 45 80 45 10 0 45 74 74 45 74 45 74 45 74 10 0 45 45 45 45 45 45 45 45 45 10 0 45 45 45 45 45 45 45 45 45 10 0 45 106 106 45 106 45 106 106 45 10 0 112 45 104 45 45 45 45 112 45 10 0 45 45 45 45 107 45 45 45 45 10 0 99 45 120 115 45 115 104 120 99 23 23 22 19 4
24 1 0 1
25 1 16 16 11 10 0 0 0 0 0 0 0 0 0 0 10 0 45 45 88 83 45 83 45 88 67 10 0 45 45 45 67 75 45 45 45 45 10 0 45 80 72 45 45 72 45 80 45 10 0 45 74 74 45 74 45 74 45 74 10 0 45 45 45 45 45 45 45 45 45 10 0 45 45 45 45 45 45 45 45 45 10 0 45 106 106 45 106 45 106 106 45 10 0 45 45 104 45 112 45 45 112 45 10 0 45 45 45 45 107 45 45 45 45 10 0 99 45 120 115 45 115 104 120 99 23 23 22 23 4
26 1 0 1
27 1 16 16 11 10 0 0 0 0 0 0 0 0 0 0 10 0 45 45 88 83 45 83 45 88 67 10 0 45 45 45 67 75 45 45 45 45 10 0 45 45 72 45 80 72 45 80 45 10 0 45 74 74 45 74 45 74 45 74 10 0 45 45 45 45 45 45 45 45 45 10 0 45 45 45 45 45 45 45 45 45 10 0 45 106 106 45 106 45 106 106 45 10 0 45 45 104 45 112 45 45 112 45 10 0 45 45 45 45 107 45 45 45 45 10 0 99 45 120 115 45 115 104 120 99 23 23 22 26 4
28 1 0 1
29 1 16 16 11 10 0 0 0 0 0 0 0 0 0 0 10 0 45 45 88 83 45 83 45 88 67 10 0 45 45 45 67 75 45 45 45 45 10 0 45 45 72 45 80 72 45 80 45 10 0 45 74 74 45 74 45 74 45 74 10 0 45 45 45 45 45 45 45 45 45 10 0 45 45 45 45 45 45 45 45 45 10 0 45 106 106 45 106 45 106 106 45 10 0 45 45 104 45 112 104 45 112 45 10 0 45 45 45 45 107 45 45 45 45 10 0 99 45 120 115 45 115 45 120 99 23 23 22 26 4
30 1 0 1
31 1 16 16 11 10 0 0 0 0 0 0 0 0 0 0 10 0 45 45 88 83 45 83 45 45 67 10 0 45 45 45 67 75 45 45 45 45 10 0 45 45 72 45 80 72 45 80 45 10 0 45 74 74 45 74 88 74 45 74 10 0 45 45 45 45 45 45 45 45 45 10 0 45 45 45 45 45 45 45 45 45 10 0 45 106 106 45 106 45 106 106 45 10 0 45 45 104 45 112 104 45 112 45 10 0 45 45 45 45 107 45 45 45 45 10 0 99 45 120 115 45 115 45 120 99 23 23 22 26 4
32 1 0 1
33 1 16 16 11 10 0 0 0 0 0 0 0 0 0 0 10 0 45 45 88 83 45 83 45 45 67 10 0 45 45 45 67 75 45 45 45 45 10 0 45 45 72 45 80 72 45 80 45 10 0 45 74 74 45 74 88 74 45 74 10 0 45 45 45 45 45 45 45 45 45 10 0 45 45 45 45 45 45 45 45 45 10 0 45 106 106 45 106 120 106 106 45 10 0 45 45 104 45 112 104 45 112 45 10 0 45 45 45 45 107 45 45 45 45 10 0 99 45 120 115 45 115 45 45 99 23 23 22 26 4
34 1 0 1
35 1 16 16 11 10 0 0 0 0 0 0 0 0 0 0 10 0 45 45 45 83 45 83 45 45 67 10 0 45 45 45 67 75 45 45 45 45 10 0 45 45 72 45 80 72 45 80 45 10 0 88 74 74 45 74 88 74 45 74 10 0 45 45 45 45 45 45 45 45 45 10 0 45 45 45 45 45 45 45 45 45 10 0 45 106 106 45 106 120 106 106 45 10 0 45 45 104 45 112 104 45 112 45 10 0 45 45 45 45 107 45 45 45 45 10 0 99 45 120 115 45 115 45 45 99 23 23 22 26 4
36 1 0 1
37 1 16 16 11 10 0 0 0 0 0 0 0 0 0 0 10 0 45 45 45 83 45 83 45 45 67 10 0 45 45 45 67 75 45 45 45 45 10 0 45 45 72 45 80 72 45 80 45 10 0 88 74 74 45 74 88 74 45 74 10 0 45 45 45 45 45 45 45 45 45 10 0 99 45 45 45 45 45 45 45 45 10 0 45 106 106 45 106 120 106 106 45 10 0 45 45 104 45 112 104 45 112 45 10 0 45 45 45 45 107 45 45 45 45 10 0 45 45 120 115 45 115 45 45 99 19 23 22 26 4
38 1 0 1
39 1 16 16 11 10 0 0 0 0 0 0 0 0 0 0 10 0 45 45 45 83 45 83 45 45 67 10 0 45 45 45 45 75 45 45 45 45 10 0 45 45 72 45 80 72 45 80 45 10 0 88 74 74 45 74 88 74 45 74 10 0 45 45 45 67 45 45 45 45 45 10 0 99 45 45 45 45 45 45 45 45 10 0 45 106 106 45 106 120 106 106 45 10 0 45 45 104 45 112 104 45 112 45 10 0 45 45 45 45 107 45 45 45 45 10 0 45 45 120 115 45 115 45 45 99 22 23 22 26 4
40 1 0 1
41 1 16 16 11 10 0 0 0 0 0 0 0 0 0 0 10 0 45 45 45 83 45 83 45 45 67 10 0 45 45 45 45 75 45 45 45 45 10 0 45 45 72 45 80 72 45 80 45 10 0 88 74 74 45 74 88 74 45 74 10 0 45 45 45 67 45 45 45 45 45 10 0 99 45 45 45 45 45 45 45 45 10 0 45 106 106 45 106 120 106 106 45 10 0 45 45 104 45 112 104 45 112 45 10 0 45 45 45 45 107 115 45 45 45 10 0 45 45 120 115 45 45 45 45 99 22 23 22 26 4
42 1 0 1
43 1 16 16 11 10 0 0 0 0 0 0 0 0 0 0 10 0 45 45 45 83 75 83 45 45 67 10 0 45 45 45 45 45 45 45 45 45 10 0 45 45 72 45 80 72 45 80 45 10 0 88 74 74 45 74 88 74 45 74 10 0 45 45 45 67 45 45 45 45 45 10 0 99 45 45 45 45 45 45 45 45 10 0 45 106 106 45 106 120 106 106 45 10 0 45 45 104 45 112 104 45 112 45 10 0 45 45 45 45 107 115 45 45 45 10 0 45 45 120 115 45 45 45 45 99 22 23 22 26 4
44 1 0 1
45 1 16 16 11 10 0 0 0 0 0 0 0 0 0 0 10 0 45 45 45 83 75 83 45 45 67 10 0 45 45 45 45 45 45 45 45 45 10 0 45 45 72 45 80 72 45 80 45 10 0 88 74 74 45 74 88 74 45 74 10 0 45 45 45 67 45 45 45 45 45 10 0 45 45 45 45 45 45 99 45 45 10 0 45 106 106 45 106 120 106 106 45 10 0 45 45 104 45 112 104 45 112 45 10 0 45 45 45 45 107 115 45 45 45 10 0 45 45 120 115 45 45 45 45 99 22 29 22 26 4
46 1 0 1
47 1 16 16 11 10 0 0 0 0 0 0 0 0 0 0 10 0 45 45 45 83 75 83 45 45 67 10 0 45 45 45 45 45 45 45 45 45 10 0 45 45 72 45 80 72 45 80 45 10 0 88 74 74 45 74 88 45 45 74 10 0 45 45 45 67 45 45 74 45 45 10 0 45 45 45 45 45 45 99 45 45 10 0 45 106 106 45 106 120 106 106 45 10 0 45 45 104 45 112 104 45 112 45 10 0 45 45 45 45 107 115 45 45 45 10 0 45 45 120 115 45 45 45 45 99 22 29 22 26 4
48 1 0 1
49 1 16 16 11 10 0 0 0 0 0 0 0 0 0 0 10 0 45 45 45 83 75 83 45 45 67 10 0 45 45 45 45 45 45 45 45 45 10 0 45 45 72 45 80 72 45 80 45 10 0 88 74 74 45 74 88 45 45 74 10 0 45 45 45 67 45 45 74 45 45 10 0 45 45 45 45 45 45 45 99 45 10 0 45 106 106 45 106 120 106 106 45 10 0 45 45 104 45 112 104 45 112 45 10 0 45 45 45 45 107 115 45 45 45 10 0 45 45 120 115 45 45 45 45 99 22 30 22 26 4
50 1 0 1
51 1 16 16 11 10 0 0 0 0 0 0 0 0 0 0 10 0 45 45 45 45 75 83 45 45 67 10 0 45 45 45 45 83 45 45 45 45 10 0 45 45 72 45 80 72 45 80 45 10 0 88 74 74 45 74 88 45 45 74 10 0 45 45 45 67 45 45 74 45 45 10 0 45 45 45 45 45 45 45 99 45 10 0 45 106 106 45 106 120 106 106 45 10 0 45 45 104 45 112 104 45 112 45 10 0 45 45 45 45 107 115 45 45 45 10 0 45 45 120 115 45 45 45 45 99 22 30 22 26 4
52 1 0 1
53 1 16 16 11 10 0 0 0 0 0 0 0 0 0 0 10 0 45 45 45 45 75 83 45 45 67 10 0 45 45 45 45 83 45 45 45 45 10 0 45 45 72 45 80 72 45 80 45 10 0 88 74 74 45 74 88 45 45 74 10 0 45 45 45 67 45 45 74 45 45 10 0 45 45 45 45 45 45 45 99 45 10 0 45 106 106 45 106 120 106 106 45 10 0 45 45 104 45 45 104 45 112 45 10 0 45 45 45 45 107 115 45 45 45 10 0 45 45 120 115 112 45 45 45 99 22 30 24 26 4
54 1 0 1
55 1 16 16 11 10 0 0 0 0 0 0 0 0 0 0 10 0 45 45 45 45 75 83 45 45 67 10 0 45 45 45 45 83 45 45 45 45 10 0 45 45 72 45 80 72 45 80 45 10 0 88 74 74 45 74 88 45 45 45 10 0 45 45 45 67 45 45 74 45 74 10 0 45 45 45 45 45 45 45 99 45 10 0 45 106 106 45 106 120 106 106 45 10 0 45 45 104 45 45 104 45 112 45 10 0 45 45 45 45 107 115 45 45 45 10 0 45 45 120 115 112 45 45 45 99 22 30 24 26 4
56 1 0 1
57 1 16 16 11 10 0 0 0 0 0 0 0 0 0 0 10 0 45 45 45 45 75 83 45 45 67 10 0 45 45 45 45 83 45 45 45 45 10 0 45 45 72 45 80 72 45 80 45 10 0 88 74 74 45 74 88 45 45 45 10 0 45 45 45 67 45 45 74 45 74 10 0 45 45 45 45 45 45 45 99 45 10 0 45 106 106 45 106 120 106 106 45 10 0 45 45 104 45 45 104 45 112 45 10 0 45 45 45 45 45 115 45 45 45 10 0 45 45 120 115 112 107 45 45 99 22 30 24 26 4
58 1 0 1
59 1 16 16 11 10 0 0 0 0 0 0 0 0 0 0 10 0 45 45 45 45 75 83 45 45 67 10 0 45 45 45 45 83 45 45 45 45 10 0 45 45 72 45 80 72 45 80 45 10 0 88 74 74 45 74 88 45 45 45 10 0 45 45 45 67 45 45 74 45 45 10 0 45 45 45 45 45 45 45 99 74 10 0 45 106 106 45 106 120 106 106 45 10 0 45 45 104 45 45 104 45 112 45 10 0 45 45 45 45 45 115 45 45 45 10 0 45 45 120 115 112 107 45 45 99 22 30 24 26 4
60 1 0 1
61 1 16 16 11 10 0 0 0 0 0 0 0 0 0 0 10 0 45 45 45 45 75 83 45 45 67 10 0 45 45 45 45 83 45 45 45 45 10 0 45 45 72 45 80 72 45 80 45 10 0 88 74 74 45 74 88 45 45 45 10 0 45 45 45 67 45 45 74 45 45 10 0 45 45 99 45 45 45 45 45 74 10 0 45 106 106 45 106 120 106 106 45 10 0 45 45 104 45 45 104 45 112 45 10 0 45 45 45 45 45 115 45 45 45 10 0 45 45 120 115 112 107 45 45 99 22 25 24 26 4
62 1 0 1
63 1 16 16 11 10 0 0 0 0 0 0 0 0 0 0 10 0 45 45 